%YAML:1.0
names:
  - robocup_table
  - robocup_shelf_0
  - robocup_shelf_1
  - robocup_shelf_2
  - robocup_shelf_3
robocup_shelf_0:
  depth: 0.35
  height: 0.35
  transform: !!opencv-matrix
    cols: 4
    data: [0.022609092986332624, 0.9997443817868322, 0.0, 0.47489848856329453, -0.9997443817868322,
      0.022609092986332624, -0.0, -0.10785574077980509, -0.0, 0.0, 1.0, 0.22499999999999998,
      0.0, 0.0, 0.0, 1.0]
    dt: d
    rows: 4
  type: Shelf
  width: 0.69
robocup_shelf_1:
  depth: 0.35
  height: 0.35
  transform: !!opencv-matrix
    cols: 4
    data: [0.022609092986332624, 0.9997443817868322, 0.0, 0.47489848856329453, -0.9997443817868322,
      0.022609092986332624, -0.0, -0.10785574077980509, -0.0, 0.0, 1.0, 0.5349999999999999,
      0.0, 0.0, 0.0, 1.0]
    dt: d
    rows: 4
  type: Shelf
  width: 0.69
robocup_shelf_2:
  depth: 0.35
  height: 0.35
  transform: !!opencv-matrix
    cols: 4
    data: [0.022609092986332624, 0.9997443817868322, 0.0, 0.47489848856329453, -0.9997443817868322,
      0.022609092986332624, -0.0, -0.10785574077980509, -0.0, 0.0, 1.0, 0.895, 0.0,
      0.0, 0.0, 1.0]
    dt: d
    rows: 4
  type: Shelf
  width: 0.69
robocup_shelf_3:
  depth: 0.35
  height: 0.35
  transform: !!opencv-matrix
    cols: 4
    data: [0.022609092986332624, 0.9997443817868322, 0.0, 0.47489848856329453, -0.9997443817868322,
      0.022609092986332624, -0.0, -0.10785574077980509, -0.0, 0.0, 1.0, 1.175, 0.0,
      0.0, 0.0, 1.0]
    dt: d
    rows: 4
  type: Shelf
  width: 0.69
robocup_table:
  depth: 0.95
  height: 0.35
  transform: !!opencv-matrix
    cols: 4
    data: [0.018980494140214965, -0.9998198541948412, 0.0, 0.3658820102587792, 0.9998198541948412,
      0.018980494140214965, 0.0, 2.4193734884868454, 0.0, 0.0, 1.0, 0.5850000000000001,
      0.0, 0.0, 0.0, 1.0]
    dt: d
    rows: 4
  type: Table
  width: 0.95
