%YAML:1.0
names:
  - robocup_table
  - robocup_shelf_0
  - robocup_shelf_1
  - robocup_shelf_2
  - robocup_shelf_3
robocup_shelf_0:
  depth: 0.4
  height: 0.35
  transform: !!opencv-matrix
    cols: 4
    data: [0.022609092986332624, 0.9997443817868322, 0.0, 0.36466773642395095, -0.9997443817868322,
      0.022609092986332624, -0.0, -0.1968034167028661, -0.0, 0.0, 1.0, 0.22499999999999998,
      0.0, 0.0, 0.0, 1.0]
    dt: d
    rows: 4
  type: Shelf
  width: 0.92
robocup_shelf_1:
  depth: 0.4
  height: 0.35
  transform: !!opencv-matrix
    cols: 4
    data: [0.022609092986332624, 0.9997443817868322, 0.0, 0.36466773642395095, -0.9997443817868322,
      0.022609092986332624, -0.0, -0.1968034167028661, -0.0, 0.0, 1.0, 0.5349999999999999,
      0.0, 0.0, 0.0, 1.0]
    dt: d
    rows: 4
  type: Shelf
  width: 0.92
robocup_shelf_2:
  depth: 0.4
  height: 0.35
  transform: !!opencv-matrix
    cols: 4
    data: [0.022609092986332624, 0.9997443817868322, 0.0, 0.36466773642395095, -0.9997443817868322,
      0.022609092986332624, -0.0, -0.1968034167028661, -0.0, 0.0, 1.0, 0.895, 0.0,
      0.0, 0.0, 1.0]
    dt: d
    rows: 4
  type: Shelf
  width: 0.92
robocup_shelf_3:
  depth: 0.4
  height: 0.35
  transform: !!opencv-matrix
    cols: 4
    data: [0.022609092986332624, 0.9997443817868322, 0.0, 0.36466773642395095, -0.9997443817868322,
      0.022609092986332624, -0.0, -0.1968034167028661, -0.0, 0.0, 1.0, 1.175, 0.0,
      0.0, 0.0, 1.0]
    dt: d
    rows: 4
  type: Shelf
  width: 0.92
robocup_table:
  depth: 0.95
  height: 0.35
  transform: !!opencv-matrix
    cols: 4
    data: [-0.07095868294153429, -0.9974792555813894, 0.0, 0.3922777421819994, 0.9974792555813894,
      -0.07095868294153429, 0.0, 2.1298267121030854, 0.0, 0.0, 1.0, 0.585, 0.0, 0.0,
      0.0, 1.0]
    dt: d
    rows: 4
  type: Table
  width: 0.95
