%YAML:1.0
names:
  - robocup_table
  - robocup_shelf_0
  - robocup_shelf_1
  - robocup_shelf_2
  - robocup_shelf_3
  - robocup_shelf_4
robocup_shelf_0:
  depth: 0.36
  height: 0.4
  transform: !!opencv-matrix
    cols: 4
    data: [0.022609092986332624, 0.9997443817868322, 0.0, 0.5189379933577585, -0.9997443817868322,
      0.022609092986332624, -0.0, -0.16831030583366846, -0.0, 0.0, 1.0, 0.15999999999999998,
      0.0, 0.0, 0.0, 1.0]
    dt: d
    rows: 4
  type: Shelf
  width: 1.03
robocup_shelf_1:
  depth: 0.36
  height: 0.4
  transform: !!opencv-matrix
    cols: 4
    data: [0.022609092986332624, 0.9997443817868322, 0.0, 0.5189379933577585, -0.9997443817868322,
      0.022609092986332624, -0.0, -0.16831030583366846, -0.0, 0.0, 1.0, 0.5299999999999999,
      0.0, 0.0, 0.0, 1.0]
    dt: d
    rows: 4
  type: Shelf
  width: 1.03
robocup_shelf_2:
  depth: 0.36
  height: 0.4
  transform: !!opencv-matrix
    cols: 4
    data: [0.022609092986332624, 0.9997443817868322, 0.0, 0.5189379933577585, -0.9997443817868322,
      0.022609092986332624, -0.0, -0.16831030583366846, -0.0, 0.0, 1.0, 0.8999999999999998,
      0.0, 0.0, 0.0, 1.0]
    dt: d
    rows: 4
  type: Shelf
  width: 1.03
robocup_shelf_3:
  depth: 0.36
  height: 0.4
  transform: !!opencv-matrix
    cols: 4
    data: [0.022609092986332624, 0.9997443817868322, 0.0, 0.5189379933577585, -0.9997443817868322,
      0.022609092986332624, -0.0, -0.16831030583366846, -0.0, 0.0, 1.0, 1.2619999999999996,
      0.0, 0.0, 0.0, 1.0]
    dt: d
    rows: 4
  type: Shelf
  width: 1.03
robocup_shelf_4:
  depth: 0.36
  height: 0.4
  transform: !!opencv-matrix
    cols: 4
    data: [0.022609092986332624, 0.9997443817868322, 0.0, 0.5189379933577585, -0.9997443817868322,
      0.022609092986332624, -0.0, -0.16831030583366846, -0.0, 0.0, 1.0, 1.5779999999999994,
      0.0, 0.0, 0.0, 1.0]
    dt: d
    rows: 4
  type: Shelf
  width: 1.03
robocup_table:
  depth: 0.8
  height: 0.4
  transform: !!opencv-matrix
    cols: 4
    data: [-0.9999727040232445, -0.007388586362832093, -0.0, -1.9184834148565693,
      0.007388586362832093, -0.9999727040232445, 0.0, 0.7159830081725368, 0.0, -0.0,
      1.0, 0.8200000000000001, 0.0, 0.0, 0.0, 1.0]
    dt: d
    rows: 4
  type: Table
  width: 0.82
