%YAML:1.0
names:
  - robocup_table
  - robocup_shelf_0
  - robocup_shelf_1
  - robocup_shelf_2
  - robocup_shelf_3
  - robocup_shelf_4
robocup_shelf_0:
  depth: 0.36
  height: 0.35
  transform: !!opencv-matrix
    cols: 4
    data: [0.022609092986332624, 0.9997443817868322, 0.0, 0.5438126327107168, -0.9997443817868322,
      0.022609092986332624, -0.0, -0.1652481715987204, -0.0, 0.0, 1.0, 0.185, 0.0,
      0.0, 0.0, 1.0]
    dt: d
    rows: 4
  type: Shelf
  width: 0.98
robocup_shelf_1:
  depth: 0.36
  height: 0.35
  transform: !!opencv-matrix
    cols: 4
    data: [0.022609092986332624, 0.9997443817868322, 0.0, 0.5438126327107168, -0.9997443817868322,
      0.022609092986332624, -0.0, -0.1652481715987204, -0.0, 0.0, 1.0, 0.5549999999999999,
      0.0, 0.0, 0.0, 1.0]
    dt: d
    rows: 4
  type: Shelf
  width: 0.98
robocup_shelf_2:
  depth: 0.36
  height: 0.35
  transform: !!opencv-matrix
    cols: 4
    data: [0.022609092986332624, 0.9997443817868322, 0.0, 0.5438126327107168, -0.9997443817868322,
      0.022609092986332624, -0.0, -0.1652481715987204, -0.0, 0.0, 1.0, 0.9249999999999998,
      0.0, 0.0, 0.0, 1.0]
    dt: d
    rows: 4
  type: Shelf
  width: 0.98
robocup_shelf_3:
  depth: 0.36
  height: 0.35
  transform: !!opencv-matrix
    cols: 4
    data: [0.022609092986332624, 0.9997443817868322, 0.0, 0.5438126327107168, -0.9997443817868322,
      0.022609092986332624, -0.0, -0.1652481715987204, -0.0, 0.0, 1.0, 1.2869999999999995,
      0.0, 0.0, 0.0, 1.0]
    dt: d
    rows: 4
  type: Shelf
  width: 0.98
robocup_shelf_4:
  depth: 0.36
  height: 0.35
  transform: !!opencv-matrix
    cols: 4
    data: [0.022609092986332624, 0.9997443817868322, 0.0, 0.5438126327107168, -0.9997443817868322,
      0.022609092986332624, -0.0, -0.1652481715987204, -0.0, 0.0, 1.0, 1.6029999999999993,
      0.0, 0.0, 0.0, 1.0]
    dt: d
    rows: 4
  type: Shelf
  width: 0.98
robocup_table:
  depth: 0.55
  height: 0.35
  transform: !!opencv-matrix
    cols: 4
    data: [0.9999983534454356, -0.0018146918244163522, 0.0, 1.744974973774968, 0.0018146918244163522,
      0.9999983534454356, 0.0, 0.8333970118653482, 0.0, 0.0, 1.0, 0.585, 0.0, 0.0,
      0.0, 1.0]
    dt: d
    rows: 4
  type: Table
  width: 0.75
